6.76
6.75
6.74
6.73
6.72
6.71
6.70
6.69
6.68
6.67
6.66
6.65
6.64
6.63
6.62
6.61
6.60
6.59
6.58
6.57
6.56
6.55
6.54
6.53
6.52
6.51
6.50
6.49
6.48
6.47
6.46
6.45
6.44
6.43
6.42
6.41
6.40
6.39
6.38
6.37
6.36
6.35
6.34
6.33
6.32
6.31
6.30
6.29
6.28
6.27
6.26
6.25
6.24
6.23
6.22
6.21
6.20
6.19
6.18
6.17
6.16
6.15
6.14
6.13
8.00
7.95
7.90
7.85
7.80
7.75
7.70
7.65
7.60
7.55
7.50
7.45
7.40
7.35
7.30
7.25
7.20
7.15
7.10
7.05
7.00
6.95
6.90
6.85
6.80
6.75
6.70
6.65
6.60
6.55
6.50
6.45
6.40
6.35
6.30
6.25
6.20
6.15
6.10
6.05
6.00
5.95
5.90
5.85
5.80
5.75
5.70
5.65
5.60
5.55
5.50
5.45
5.40
5.35
5.30
5.25
5.20
5.15
5.10
5.05
5.00
4.95
4.90
4.85
8.20
8.10
8.00
7.90
7.80
7.70
7.60
7.50
7.40
7.30
7.20
7.10
7.00
6.90
6.80
6.70
6.60
6.50
6.40
6.30
6.20
6.10
6.00
5.90
5.80
5.70
5.60
5.50
5.40
5.30
5.20
5.10
5.00
4.90
4.80
4.70
4.60
4.50
4.40
4.30
4.20
4.10
4.00
3.90
3.80
3.70
3.60
3.50
3.40
3.30
3.20
3.10
3.00
2.90
2.80
2.70
2.60
2.50
2.40
2.30
2.20
2.10
2.00
1.90
1.80
1.70
1.60
1.50
1.40
1.30
8.25
8.22
8.19
8.16
8.13
8.10
8.07
8.04
8.01
7.98
7.95
7.92
7.89
7.86
7.83
7.80
7.77
7.74
7.71
7.68
7.65
7.62
7.59
7.56
7.53
7.50
7.47
7.44
7.41
7.38
7.35